000005 8
000007 6
000009 12 14
000012 6
000016 1
000017 12 14
000019 7
000020 6
000021 11 14
000023 1 14
000024 18
000026 6
000030 1 14
000032 0 14
000033 0
000034 18
000035 14
000036 11
000039 19
000041 14 19
000042 18
000044 7 8
000046 2
000047 6 8
000048 2 14
000050 4 14
000051 13
000052 15
000060 6
000061 3
000063 8 11
000064 2
000065 11
000066 14
000072 13
000073 3 14 15
000077 7
000078 11
000081 14 17
000083 6 14
000089 8 14
000091 6
000093 8 11
000095 18
000099 7
000101 14
000102 17
000104 14 19
000107 16
000109 2
000110 14
000112 8 11
000113 14
000117 0
000118 7
000120 11
000121 19
000122 7
000123 18
000125 1 14
000129 1 14
000130 3
000131 6
000132 5
000133 12 14
000134 6
000138 14
000140 11 17
000141 2
000142 6
000143 7
000146 14
000147 8
000150 12 14
000153 6
000154 3
000156 6 17
000158 2
000159 6 14
000161 6
000162 14 19
000163 13 14
000164 13 14
000165 14
000169 6 14
000170 4 14
000171 11 14
000173 12 14
000174 14
000177 10 14
000180 6
000184 3
000187 19
000189 2
000190 5
000192 14
000193 14
000194 12 14
000198 18
000200 4 14
000203 8
000207 5
000208 8 17
000209 7
000210 14
000211 9
000214 12
000215 7
000218 11 14
000219 13
000220 6 14
000221 6
000222 4 8 10 14
000224 4 19
000225 16
000228 0
000229 4 10 14
000232 3 9 14
000233 6 16
000235 8 10 17
000236 2
000241 3
000242 7
000244 16
000245 6 14
000246 11
000249 8 10
000250 4
000251 6 14
000256 0
000257 14 19
000259 14
000262 6
000263 6
000266 11
000268 0
000269 4 14
000270 18
000275 12 14
000276 14
000278 11 14
000282 14
000285 8 14
000288 5 6 14
000289 6
000294 2
000296 3 6
000298 14
000302 6 13 14
000303 6
000304 19
000305 1 14
000306 9
000307 15
000308 10 14
000311 6
000312 18
000317 6
000318 6
000320 6 14
000321 14
000322 14
000323 14
000325 0
000328 12 14
000329 6
000331 8 14
000332 12
000334 6
000336 11
000337 1 14
000338 6 14
000340 2
000343 6
000344 4
000347 12
000349 8 10 19
000352 14
000354 7
000355 6
000359 8 11 14
000363 2
000367 4 6 14
000370 3
000372 12 14
000373 6
000374 13 14
000379 1
000380 1
000381 4 10
000382 3 14
000387 6
000391 15
000394 10 14
000395 2
000396 6
000400 7
000403 7
000404 6
000406 6
000407 12 14
000408 9
000411 14
000416 16
000417 9
000419 13 14
000420 6
000424 2
000427 13
000428 8 10 14
000430 7
000431 0 6
000433 8 14
000435 12 14
000438 14
000439 18
000443 11 14
000446 14
000448 10 14
000450 18
000454 11
000459 10
000460 8
000461 6
000462 9
000463 13 14
000464 9
000468 14
000469 6
000470 12 14
000474 3 6
000476 14
000477 5 14
000480 0 14
000482 14 18
000483 12 14
000484 15
000486 7
000489 2
000491 9
000492 8 10
000494 6
000496 8
000498 4 14
000499 13 14
000500 1 14
000501 11
000503 17
000508 2
000509 6
000513 3
000514 0
000515 6
000516 7 14
000518 5 14
000519 3
000520 14
000522 6
000523 12 14
000524 12 14
000525 13 14
000526 8 14
000528 7
000530 14 17
000531 4 14
000535 1 14
000537 11
000540 18
000541 6
000543 6
000544 7
000545 14
000549 7
000550 8 10
000552 0
000554 6 14 17
000555 8 14 17
000559 4 19
000563 3
000564 4 8 10
000565 1
000577 12
000579 6 13 14
000581 16
000582 11
000583 13
000588 16
000589 14
000590 6
000591 8 10 14
000592 8 15 17
000597 8 14 19
000598 8 19
000599 8 17
000601 15
000605 6
000608 3
000609 11
000610 0
000612 14 18
000613 8 10 14
000619 2
000620 6
000622 9
000625 14
000626 14 19
000628 6 15
000632 8 19
000633 14 19
000635 18
000637 1
000645 2
000647 0
000648 5
000653 6
000654 11 14 16
000656 11
000657 0
000660 17
000661 8 15 17
000663 5 6
000667 12
000671 1
000672 6
000675 18
000676 16
000677 14
000680 2
000682 2
000684 4 14
000685 13
000686 13
000688 6 14
000689 18
000690 1 7 14
000694 14
000695 12 14
000699 8 11
000700 6
000702 12 14
000705 7
000707 8 19
000709 8 14
000710 7 8 15
000711 15
000712 18
000713 3
000714 2
000717 8 14
000720 11
000726 4 14
000728 9
000729 15
000730 0
000731 2 14
000733 13 14
000738 0
000739 14
000740 3
000742 3 14
000746 11
000748 5
000750 14
000752 14
000753 4 10 14
000754 1 5
000755 1
000756 11
000760 12 14
000761 8 17 19
000763 0
000764 12
000767 9
000768 5
000770 1 9 13 14
000771 8
000772 11
000774 18
000776 6
000777 11 14
000780 15
000782 5 14
000786 9
000787 6
000791 18
000793 1 5 14
000794 7
000796 2
000797 11 14
000799 12 14
000800 6
000802 1 14
000804 8 17
000805 11 14
000806 14
000808 9
000810 14
000812 1 14
000814 14
000815 0
000816 1 14
000818 6 18
000820 16
000822 13
000823 6
000826 3
000827 9
000828 14
000829 5 6 14
000830 8 10
000831 18
000832 2
000834 9 14
000842 11
000843 14 19
000845 0
000847 10 14
000848 8 14
000849 11
000850 2
000851 13 14
000854 8 14 15 17
000855 5 6
000857 7
000859 14
000860 6 14
000862 3
000863 18
000865 8 10 14
000867 15
000868 15 17
000871 6
000872 0
000874 14
000876 7
000878 1 14
000879 12 14
000880 2 9
000882 11
000885 14
000887 0
000888 6
000889 15
000892 13 14
000895 14
000896 0
000898 14 17
000899 18
000900 16
000902 11 14
000903 8 14
000904 9 14
000906 3 6 14
000908 0
000911 1 5 6 14
000912 7
000915 10 14
000917 2 15
000918 14
000919 11
000920 14 18
000921 7 8
000923 15 17 19
000926 14
000929 4 10
000931 3
000934 0
000935 6
000936 0
000937 6
000943 8 14
000946 18
000947 11
000948 8 14 19
000949 1 14
000950 10
000951 4
000954 2
000958 11
000962 7
000964 2
000965 11 17
000966 18
000967 14 18
000971 5 14
000972 6
000973 1
000977 6
000980 2
000982 0
000987 13 14
000989 19
000991 12 14
000993 18
000996 8 10 14
000997 17 19
000999 4 14
001001 7 14
001002 3
001004 2
001008 13
001009 7
001010 19
001011 14 19
001012 0
001014 8 11 14
001015 2
001017 13 14
001018 8 10 17
001024 14 19
001027 1 8 19
001028 14
001036 14
001041 2
001042 11 14
001043 7
001045 4
001050 1 14
001052 6
001053 11
001056 11
001057 6 14
001060 1 6 14
001061 2 14
001062 19
001064 12 14
001066 14
001068 13
001069 6
001071 12 14
001072 14 17
001073 9
001074 2
001077 19
001078 7
001079 10 14 15
001082 7 15
001083 18
001084 12 14
001091 14 15
001092 11
001093 6
001097 14
001101 14
001102 0
001104 11
001106 8 10
001107 0
001109 14
001110 7
001112 6 15 18
001113 14
001119 6
001121 3
001124 5
001125 6 14
001127 11
001129 14 17
001130 9
001136 2 3
001137 14
001140 11 14
001142 15
001143 9
001144 0
001145 11 14
001147 14
001148 6
001149 15 17 19
001151 11 14
001152 5 14
001154 15 17
001156 7
001158 8
001160 0
001161 18
001164 8 10 14 15
001166 19
001168 14
001170 14
001171 13 14
001172 18
001174 8 10
001175 14 19
001176 3
001182 9
001184 1
001185 4 7 14
001186 1 14
001187 8 17
001191 16
001192 11
001194 1
001199 13
001200 18
001201 13 14
001203 11
001204 17
001205 3
001206 11 14
001207 2
001209 11
001211 7 11
001212 14 15
001214 8 17 19
001215 1
001221 14 18
001224 1 14
001225 11
001226 11
001229 4 14
001230 0
001231 8 17
001233 7
001234 11 14 19
001236 12 14
001237 6
001239 11
001240 14
001241 12 14
001247 3
001248 14
001250 2
001254 12 14
001258 6
001259 1 14
001260 2
001263 8 10
001265 14
001266 13 14
001268 6
001269 14
001270 0
001272 4 14
001273 2
001274 7
001277 0
001279 14
001281 6
001284 14
001286 13
001287 12 14
001288 0
001289 2
001290 6
001292 4 14
001293 11
001294 6
001298 3 14
001299 9
001304 14
001309 1 14
001310 14 16
001311 1 14
001312 9
001314 7
001315 14
001316 11
001323 18
001324 11
001325 3 14
001326 17
001327 14
001330 6 14
001332 0
001333 13 14
001334 6
001337 12 14
001341 2
001343 8 17 19
001345 8
001346 4 14
001348 2
001350 8 14
001352 6 8 14
001360 6
001361 2
001362 14
001364 6
001365 2
001371 6
001375 2
001378 2
001383 18
001384 6
001385 5 6
001386 6 13
001387 7
001388 14 17
001390 14
001393 4 8 10 14
001395 7
001397 11
001400 0
001402 1 17
001404 7
001405 12 14
001406 11 14 17
001408 4 14 15
001409 6 14
001413 2
001414 6 14
001418 11
001420 12 14 15
001421 14
001426 13 14
001427 1 14
001430 10 14 15 19
001432 6
001434 5 14
001436 0
001439 10
001441 10
001442 9
001443 7 8
001444 4 8 15 17 19
001445 5 6 14
001450 13 14
001451 4 14 15
001453 2
001455 1 6 14
001457 8 17
001460 1 14
001463 3
001464 15
001465 4 8 10
001466 6
001467 11
001468 9
001470 19
001472 6 14
001475 13 14
001479 14
001480 14
001481 3
001483 18
001484 3
001485 13 14
001486 7
001488 6
001490 4 11
001492 6
001493 4 14
001494 6
001497 3
001498 14
001499 14
001501 1 14
001504 14
001509 14
001510 13 14
001512 2
001514 14
001515 12
001517 11
001521 14
001522 4
001523 12 14
001524 11 14
001526 14
001528 2
001529 8 17 19
001531 8 14
001532 6 13 14
001536 14 19
001537 4 14
001539 1
001541 7
001543 17 19
001544 14
001545 0
001548 14
001553 1
001554 11 14
001555 7
001556 12
001557 0 14
001559 6
001561 6 14
001563 4 8 10 14
001565 18
001571 14
001576 6
001577 10 14
001579 1 14
001580 4 14
001582 7
001586 12 14
001588 17 19
001590 4 19
001593 14
001594 11 14 16
001595 5
001597 2
001598 16
001603 1 14
001604 6
001607 11
001608 14
001610 7
001611 14
001612 18
001614 9
001617 13 14
001618 6
001622 6 14
001627 14
001628 12 14
001630 1 14
001632 12
001633 8 10
001636 1
001638 0
001640 6 14
001642 11
001643 11
001647 2
001649 14
001650 8 17 19
001651 8 14
001653 18
001654 1 14
001661 16
001662 6
001669 7
001673 4 7
001675 11
001676 6
001677 8 10
001678 14 19
001680 11
001682 4 14
001683 8 10
001684 2
001685 2
001686 14
001688 13
001689 8 14
001690 12 14
001691 5 14
001693 6
001699 6 12
001707 2
001708 0
001711 14
001713 9
001714 16
001717 8 14 19
001718 11
001721 14
001723 13 14
001724 12
001725 14 19
001726 1 14
001727 12
001729 8 14 15
001730 12 14
001732 3
001733 16
001734 16
001738 11
001739 2
001741 9
001746 6 17
001747 7
001749 14
001750 16
001752 19
001754 4 14 15
001755 7
001756 4 14
001758 14
001759 11 14
001761 0
001765 13
001766 12 14
001768 7
001771 8
001772 14
001775 14 18
001777 4 10
001778 11
001780 6 13
001782 2
001784 14
001785 14
001787 2
001789 14 18
001793 14
001795 14
001797 14 17
001799 14
001800 14
001801 6 13 14
001806 9 14
001807 12 14
001809 14 19
001810 14 19
001816 7
001818 2
001821 6
001825 7
001827 19
001828 8 14
001830 14
001832 11 14
001833 1 14
001834 10
001836 14 17
001837 8 14
001840 7
001841 14
001842 0
001843 4 14
001845 6
001847 3
001849 14
001853 2
001854 14
001855 2
001858 0
001860 2 8
001861 1 14
001862 6
001864 8 14
001870 0
001872 16
001875 19
001877 6
001878 17
001881 6
001882 8 17
001887 8 10 14
001888 7
001892 5
001894 12 14
001896 2
001898 15
001899 6 13 14
001901 8 10
001902 5 6 14
001903 1 13 14
001904 14
001906 7
001907 18
001911 0
001915 2
001918 14
001920 14 19
001922 0
001927 12 14
001928 13
001930 14 18
001931 6
001932 8 14
001933 2
001934 7
001936 0
001937 6
001938 14
001940 7 11
001941 13 14
001944 6 14
001945 12 14
001948 13
001950 14
001952 2
001954 6
001958 14
001960 12
001962 5
001963 4 10 14
001964 2
001970 4
001971 7
001972 11
001976 3
001977 14
001978 8 14
001980 6 14
001981 7
001982 7
001985 11
001989 14
001995 8
001999 8 14
002000 3 14
002001 0
002002 8
002004 19
002006 7
002011 11
002012 14
002015 15
002019 6
002020 2
002021 9
002022 13 14
002023 6
002024 5 14
002025 8 10
002027 5
002030 4 14
002034 7 11
002036 18
002037 2
002039 3
002042 12
002043 12
002045 6
002047 17
002049 15
002051 2 14
002054 18
002055 11 14
002056 5 6
002058 7
002061 10 14 17
002063 8 10
002064 1
002067 7
002068 18
002069 1 14
002070 17
002082 13 14
002083 18
002086 19
002088 9
002090 8 14
002091 3 14
002094 2
002095 7
002096 14
002098 4
002099 0
002101 11
002102 2
002104 13 14
002108 10 14 15
002109 7
002112 4
002114 14 18
002116 6 11 15 17
002117 11 14 19
002120 2 14
002124 8 17 19
002125 6
002126 9
002129 0
002132 19
002134 6
002135 6
002136 2
002139 4
002140 11
002142 14
002145 7 14
002146 11
002151 7
002152 9
002153 6
002155 13
002156 8 10 14
002158 2
002163 14
002165 2
002166 18
002169 14
002170 6 14
002171 1 14
002172 13 14
002174 6 14
002176 14 17
002178 6
002179 15
002180 6 18
002181 8
002182 6
002183 12 14
002184 11
002186 8 14
002187 12 14
002190 12 14
002191 13
002192 15
002193 14
002194 8 14
002196 7
002197 6
002199 11
002201 5
002202 7
002208 3
002209 16
002212 2
002213 12 14
002214 14 18
002215 7
002218 8 11
002219 14
002220 14
002221 4 8 14
002224 14
002226 4 14
002228 5
002233 14
002234 3
002237 9
002238 12 14
002241 6 14
002244 6 14
002247 6
002248 6
002249 12
002251 17
002253 1 4
002255 0
002256 5 14
002257 1
002259 17
002260 13
002261 12 14
002263 16
002265 2 14
002266 0
002267 16
002268 7 11 17
002270 1
002272 1 14
002273 12 14
002276 2
002277 11 14
002278 5
002279 0
002280 19
002281 6
002284 15
002285 14
002287 4 8 11
002288 3
002290 13 14
002291 6
002293 14
002300 9
002302 3 14
002305 8 15
002306 14
002307 6 14
002308 7 8
002310 2
002311 6 14
002315 11
002318 13
002320 15
002321 18
002323 9
002324 14
002328 19
002329 12 14
002330 16
002332 14
002333 2
002334 8 19
002335 17
002337 1 14
002340 6
002342 14
002343 6
002345 11
002347 15
002348 0
002350 4
002352 18
002354 0
002355 6
002359 11
002361 14 15
002362 8 14 15 17
002364 11
002366 13
002367 13 14
002368 8
002369 9
002371 1
002372 3 14
002373 6
002374 5
002375 7
002376 0
002377 1
002378 14 15
002382 14
002384 11 14
002385 10 14
002387 9 14
002391 7
002392 3
002393 6
002401 14
002403 2 3 14
002404 4 10
002405 12 14
002407 7
002410 14
002411 6
002413 14
002415 11
002417 8
002419 13 14
002420 6
002423 18
002425 8 14 17
002427 17
002433 14
002435 3
002436 6
002437 7
002439 0
002441 7 19
002442 4 10
002443 11 14
002444 4 14
002445 7
002448 12 14
002450 11 14
002452 16
002454 6
002456 8 10
002458 13 14
002459 14
002460 1 14
002461 7
002462 18
002465 3
002466 11
002468 2
002470 7
002471 12
002472 0 14
002476 14
002477 14 18
002478 6
002479 3
002480 7
002481 14
002483 7 14 15
002490 5 6
002491 14
002492 8 17
002493 6
002494 9
002496 18
002497 6
002500 3
002501 8 14 17
002502 18
002504 6 14
002505 9
002508 1
002512 1 11
002513 0
002514 14
002518 4 14
002519 13
002520 12 14
002523 1
002524 14
002525 18
002529 10
002533 6 14
002534 6
002537 11
002539 5 14
002540 1 14
002542 10 14 15
002544 6
002545 4 14
002546 11
002547 2
002549 19
002554 14
002555 12 14
002558 1 14
002559 6 8 15
002561 8 14 19
002563 6 14
002564 14
002565 14 18
002566 5 6
002567 13
002569 15
002571 2
002572 4 8 14
002578 11
002579 2
002584 14
002585 13 14
002586 2
002589 8 14
002590 18
002593 16
002594 15
002595 6 14
002598 15
002599 13
002600 18
002603 2
002605 3
002606 6
002609 11
002611 11 14
002613 4 14
002615 16
002618 16
002621 2
002625 6 14
002627 10 17 19
002632 14
002633 12 14
002634 9
002635 2
002636 8 10 14 17
002637 7 14
002641 4 14
002643 6 13 14
002645 8 19
002646 6
002647 6
002648 16
002649 14
002653 3
002657 12 14
002658 4 8 10 14 15
002659 3
002662 10 14
002664 2
002666 13
002667 6
002668 14
002669 9 14
002670 11
002675 1 14
002677 7
002678 12 14
002680 11
002682 6
002683 16
002684 12
002689 14
002690 11
002691 11 14
002693 6 14
002695 9
002696 11
002697 11
002699 5
002702 8
002704 6
002706 7
002709 2
002710 14
002713 12 14
002714 14
002715 1 14
002717 2
002718 2
002721 2
002722 1
002723 13 14
002727 1 14
002730 6 14
002732 11
002734 5 6
002735 12 14
002737 0
002738 3
002741 14 18
002744 14
002745 4
002747 8
002749 9
002751 1 14
002755 14
002757 18
002759 6 13 14
002760 7
002762 2
002763 9
002765 0
002766 7
002767 8 14 19
002772 6
002774 12
002775 15
002776 5 6 14
002778 8 19
002779 6
002782 18
002783 5
002784 11
002785 7
002786 12 14
002791 2
002794 9
002795 13 14
002796 7
002798 10 14
002800 12
002801 10
002803 8 14
002804 6 12 14
002807 13 14
002810 11
002812 5 6
002815 14
002816 5
002817 15
002820 15
002826 11 14
002827 14
002833 6
002834 14
002835 18
002836 2
002838 3 14
002841 14
002842 12 14
002844 18
002845 16
002847 0
002848 13
002854 6
002855 14 17
002858 12 14
002859 5 14
002864 14
002866 8 10
002867 5 14
002868 9
002869 0
002870 13 14
002873 0 16
002875 11
002879 14
002880 11
002881 4 14
002884 6 14
002886 14
002889 14
002891 18
002893 13
002896 2
002899 5 14
002901 19
002906 18
002910 8
002912 1 14
002913 14 18
002914 14
002915 14
002916 14
002917 6
002919 2
002924 7 15
002931 4 14 19
002932 14
002933 14
002934 7
002935 14
002937 6
002938 2
002939 4 8 14 19
002940 9 14
002941 4
002942 0
002943 10
002944 7
002946 15
002947 8 17
002952 7 19
002953 4 19
002954 14
002956 1
002957 8 11
002958 14
002960 14
002962 14
002963 16
002965 4 14
002966 11
002967 15
002969 2
002975 14 18
002976 14
002977 11
002978 9
002984 2
002986 16
002987 14
002988 14
002989 8 17 19
002990 14
002992 1 14
002994 6
002995 7
003000 0
003002 14 15
003003 14
003004 8 15 17
003005 17 19
003007 6
003008 3
003009 6
003011 17 19
003013 6
003015 12
003017 12 14
003021 5
003023 14
003024 1 14 15 17
003027 6 12 14
003028 0
003031 7
003032 0 6
003034 8 14
003038 18
003039 14
003042 8 10 14
003044 14 15
003045 7
003047 1
003051 6
003053 6 18
003054 6 17
003056 4 8 10
003057 6 13 14
003058 14
003061 8
003063 14 17
003064 14
003065 3 14
003066 2
003072 2
003074 2
003077 8 14
003078 8 14
003082 2
003083 5 6
003085 7
003086 14
003088 4 14
003089 13 14
003090 18
003092 6
003093 15
003094 6
003098 3
003100 11 14
003102 1 14
003103 6
003105 9
003106 7 14
003107 14
003108 4 17
003110 11
003112 2
003116 2
003117 6
003118 2 14
003120 8 17 19
003121 12 14
003122 4 14
003124 13 14
003126 2
003127 7
003129 14
003133 0
003134 14
003135 18
003137 5
003138 14
003140 14
003142 1
003145 14
003146 15
003147 11 14
003149 4
003150 14 17
003154 5
003155 2
003157 19
003159 4 14
003161 11 16
003162 13 14
003163 5
003164 18
003165 6
003169 7
003170 14 16
003175 1 14
003176 6
003177 11
003178 18
003181 4 14
003183 0
003184 7
003185 4 14
003186 8 15 17
003188 1 14
003189 12 14 15
003194 11
003195 5 6
003199 2
003200 0
003202 8 15
003204 19
003205 8 14
003207 4
003210 12 14
003211 15
003213 7 14
003214 6
003216 11
003218 1 14
003219 4 10
003223 3
003228 5 6 11 14
003229 0
003231 6
003233 0
003236 14 17
003239 8 15
003240 1 6
003242 2
003243 6
003244 18
003247 14
003250 2
003253 11 14
003254 2
003255 17
003256 2 6
003258 17 19
003259 4 14
003260 14 19
003261 6 14
003262 4
003269 4
003270 2 14
003271 6
003272 7
003273 2
003274 11
003279 17
003280 14
003282 14
003284 11 14 15
003285 6
003290 12 14
003292 14
003293 11
003294 12
003296 14
003299 0
003300 10 17 19
003301 11 14 15
003303 12 14
003307 12
003308 7 8
003311 5 14
003313 6 14
003316 2
003320 14
003325 11
003327 13 14
003330 2
003331 6
003335 8 14
003336 13
003337 3
003338 2
003339 11
003343 11
003344 6 14
003349 2
003350 10
003351 7
003354 9
003355 6 14
003356 19
003359 6
003360 11 14
003362 12 14
003363 6
003365 0
003367 13 14 15
003369 0 14
003370 18
003373 11 14
003374 11 15 19
003376 4 8 14
003377 2
003379 6
003380 14
003382 14 16
003386 0 14
003390 6 14
003391 13 14
003392 7
003395 1 14
003396 13 14
003397 6 14
003398 19
003401 8 19
003403 12 14
003404 3
003406 6 14
003407 5 14
003408 17
003410 9
003412 13 14
003413 3
003415 7
003416 2 14
003417 14 18
003419 15
003420 6
003421 8
003422 10 14
003424 12 14
003425 11
003429 12 14
003430 11
003433 1 8 14
003435 14
003436 12 14 15
003439 9
003441 5
003443 11
003444 17
003449 4 19
003450 14 15 17
003451 4 8 17 19
003452 8 10
003453 14
003455 0 14
003458 2
003461 6 8
003462 11 14
003464 18
003465 14
003466 14 15
003468 1 14
003469 1 14
003470 14
003477 8
003484 6 14
003487 14 19
003489 11
003491 11
003492 12 14
003493 0
003496 4 14
003497 18
003499 18
003500 7
003506 15
003508 11
003509 15
003510 8
003511 1
003516 8 10
003518 8 14
003519 2
003521 8 14
003522 7
003524 2
003525 7
003528 14 17
003529 14
003530 14
003536 11
003537 18
003539 13 14
003546 7
003548 14
003549 1
003550 14
003551 6
003554 0
003555 6 15
003556 4 14
003564 18
003565 2
003566 4 14
003567 13 14
003575 14 17
003576 5 13 14
003577 4 10 14
003580 14
003585 13 14
003586 7
003587 18
003588 8
003589 1 14
003593 16
003594 2
003596 6
003597 18
003599 1
003603 10 14
003604 11 19
003605 18
003606 6
003608 6
003609 8 17
003611 12 14
003614 2
003618 12 14
003620 7
003621 1 5 14
003622 15
003623 2
003625 12 14
003627 11
003628 14 18
003629 15
003632 11
003634 6
003635 5
003636 5 6
003638 8 10 14
003639 3
003640 9
003642 5
003644 10 14
003645 12 14
003646 2
003648 14 17
003651 14 18
003654 14
003655 6 14
003656 7
003657 3
003658 1
003660 19
003662 8 14 19
003663 14
003664 8 14
003667 0
003669 3 14
003671 11
003673 11
003674 7
003675 2
003678 4 14 19
003679 2
003681 11 16
003684 13
003685 14 18
003688 14
003690 14 17
003691 12 14
003694 8 14 15 19
003695 18
003696 12 14
003698 16
003699 14 15
003700 14
003703 6 14
003704 2
003705 16
003706 13 14
003708 8 14
003709 18
003711 5 6 14
003713 6
003714 16
003717 1 14
003721 6
003722 3
003727 2
003729 4
003732 12 14
003735 12 14
003740 14
003743 17
003748 2
003749 14
003750 9
003751 8 14 17 19
003752 18
003753 11
003754 12
003758 15
003759 14 19
003760 11 13 14
003763 7
003767 8
003772 12
003773 0
003774 11
003779 12 14
003780 7 14 19
003781 14
003783 4
003784 1
003786 5
003788 7 8
003790 6
003791 8 10 15
003792 11
003793 7
003796 15
003797 3 14
003798 6
003803 2
003806 6
003807 7
003808 19
003809 6
003811 3 14
003814 7
003817 14
003818 18
003820 6
003821 11
003824 6 13 14
003826 13 14
003827 1 14
003828 2
003830 18
003834 15
003835 5 6
003837 8
003838 14
003844 7
003845 17
003846 11
003847 14
003848 18
003849 13 14
003855 1 13 14
003856 14
003857 8
003859 4 10 14
003860 3 14
003861 3
003863 3 14
003865 4 10 14
003866 18
003868 14
003869 11 14
003871 2
003872 11
003874 16
003876 0
003877 14 15
003879 14
003885 6
003886 0
003887 9
003889 8 12 14
003890 7
003891 6 14
003895 18
003898 2
003899 11 14
003905 2
003907 8 17
003911 19
003912 7
003913 14
003915 11 14
003918 2
003919 3
003921 11
003923 10 14
003924 15
003926 18
003932 4 14 15
003935 11
003936 6
003937 7
003939 12 14
003941 13
003945 1 14
003946 11 14
003947 8 10 19
003948 12 14
003949 2
003953 14
003954 6
003956 15
003957 18
003960 12 14
003961 14
003963 14 17 19
003965 2
003966 5 14
003969 2 11
003970 12 14
003971 6
003973 5 6 14
003974 3 14
003979 2
003983 19
003984 7
003986 11 14
003987 6
003988 8
003990 11
003991 7
003992 13 14
003993 0
003994 9 14
003996 14
003997 6
003998 6
004003 13
004005 18
004008 11
004009 0
004010 14 17
004011 6
004012 8 14
004013 2
004014 8 14
004015 11
004016 7
004017 14 15
004019 6 14
004020 14 19
004023 9
004025 2
004028 8 14 15
004031 7 14
004033 13 14
004034 11
004035 7 11
004037 15
004039 14
004046 2
004047 8 14
004051 12 14
004052 0
004057 1
004058 14
004060 14
004066 17
004067 13
004069 2
004073 5 6 14
004075 4 14
004076 7
004077 11 12 14
004082 1
004085 11 14
004087 6
004089 6
004091 6 14
004092 14
004093 8
004095 11
004100 19
004102 18
004105 8 17
004106 8 17 19
004108 6
004110 4 14
004111 8 14
004113 11
004117 12 14
004120 5
004121 14 15
004122 14
004129 7
004131 2
004133 14
004135 0
004136 1 5 6 14
004137 11 14
004138 14
004140 1 4
004141 9 14
004142 11 14
004143 2
004145 6 13 14
004146 12
004148 19
004149 7 8 10
004150 7 19
004152 4
004158 4 14
004163 19
004164 8 17 19
004168 12 14
004169 14
004170 3 14
004171 2
004174 5
004178 11
004185 7
004186 5 6
004189 11
004190 19
004191 13 14
004192 19
004193 4 8 19
004194 3
004195 12 14
004196 0
004200 9
004201 8 14
004203 6
004204 2
004205 14
004209 11 14
004212 7 15
004215 13
004220 2
004221 2
004223 14
004224 0 14
004228 6
004229 13 14
004230 14
004231 6 14
004232 11 14
004237 14 19
004239 16
004241 3
004242 6
004244 6 14
004246 3 14
004247 2
004253 8 10
004255 13
004256 18
004257 8
004258 3 14
004259 8 14 17
004263 2
004264 11
004265 14
004269 14
004270 8 14
004271 2
004272 11
004273 14
004274 15 19
004275 13 14 15
004279 4 10 14
004280 4
004281 18
004283 13
004284 6
004286 0
004287 7 14
004291 14
004292 14 15
004293 11
004295 6
004296 4 10 14
004298 11 14 17
004300 13
004303 5 6
004304 6 14
004307 12
004310 7 8
004312 16
004315 18
004318 11
004321 13 14
004322 4 14
004323 12 14
004325 3
004326 2
004327 11 14
004329 6 14
004331 19
004333 4
004338 13
004339 12 14
004341 19
004345 7
004346 6
004347 2
004349 2
004351 0
004352 11
004354 18
004356 1 14
004359 1 14
004360 14
004361 13 14
004364 8 15 17
004365 6
004367 6
004368 9
004369 17
004370 4 14
004371 3
004372 12 14
004376 7
004379 0
004380 13 14
004384 6 14
004386 6 18
004387 5 14
004389 12 14
004390 0
004391 0
004392 8 14
004396 0
004397 14
004404 7 14
004405 8 10
004409 11
004411 18
004421 8 10
004423 16
004424 14
004429 1 6
004430 1
004432 7
004433 11 14 15
004434 11
004436 18
004437 14 18
004438 11 14 19
004439 6
004441 9
004446 7 15
004450 12
004452 0
004455 7 15
004457 14
004459 0 14
004463 13 14
004464 3 11 14
004466 14
004468 4
004470 0 14
004471 14
004474 9
004479 4 14
004481 6 14
004484 8 10 15
004487 12 14
004488 6
004490 16
004493 4 10
004494 6 14
004495 4 14
004496 14
004498 3
004499 14
004500 9
004502 7
004507 13
004508 4 14
004509 1 14
004510 8 19
004512 8 11 14
004514 19
004517 14
004518 14
004519 6
004520 14
004524 2
004526 6
004527 16
004528 0 14
004530 5 14
004532 3
004535 12 14
004537 9 12 14
004539 6
004540 17
004542 14 17
004544 5
004548 11
004549 8 19
004551 11
004552 5
004553 12 14
004555 0
004558 15
004562 14
004563 6 14
004565 11
004566 7
004570 0
004571 9 14
004574 8 14
004576 6
004579 18
004581 6
004584 17
004585 9
004587 11
004588 4 14
004591 6 18
004592 3
004595 11 14
004597 8
004600 7
004601 13 14
004604 6 13 14
004605 1 14
004606 0
004607 8 17
004609 11 14
004611 8 14
004612 2
004618 6
004622 1 14
004623 2
004625 12
004626 18
004627 18
004628 7
004630 5 14
004631 8 14 15
004632 11
004634 12
004636 2
004643 0
004644 11
004647 13 14
004648 5 14
004649 18
004651 3
004652 19
004653 14
004654 7 8
004655 8 10
004656 12 14
004660 6 14
004662 12 14
004671 4
004672 1 14
004673 1 14
004674 0
004675 18
004676 1 14
004679 11 14
004682 15
004683 7
004685 14
004686 9 12 14
004687 6 13 14
004689 18
004691 6 18
004692 8 14
004693 14 18
004694 13 14
004699 14 15
004701 4
004702 2
004705 5 6
004706 1 14
004707 14 15
004708 7 17
004710 4
004714 8 15
004715 14
004718 4 14
004719 5 6
004722 12 14
004723 14
004727 5 6 14
004732 8 14
004735 8
004737 11
004742 4 10 14 15
004743 7
004746 18
004747 6
004748 0 6
004750 6 13 14
004753 4 14
004754 19
004760 11 14
004761 1 14
004768 16
004770 14
004773 8 10 19
004776 18
004777 11
004779 6 14
004782 1 14
004783 2
004785 8 10
004786 6
004788 12 14
004789 12 14
004790 14
004792 7
004793 6
004794 2
004796 13 14
004797 1 14
004799 2
004801 14
004805 6 13
004808 6
004812 0 14
004814 7
004815 12 14
004816 11
004818 8
004823 6
004825 15
004826 9 14
004828 6 14
004830 6
004831 14
004832 7 14
004834 12 14
004836 13
004837 8 17
004839 3
004840 13 14
004841 0
004842 16
004846 14
004848 2
004849 18
004850 6
004852 14
004856 7
004857 8 10 14
004859 14
004863 6
004866 7
004867 18
004868 10 14 19
004869 2
004872 12 14
004873 6
004876 2
004878 7
004879 1 14
004882 13 14
004885 3
004886 4 14
004890 6
004895 15
004896 0
004897 14
004898 14 15
004902 12 14
004903 6 17
004905 0
004907 7
004910 5
004911 18
004912 1 8
004913 14
004916 4 14 19
004926 4 10
004928 14
004929 11
004931 3 14
004935 12 14
004936 1
004938 17
004939 14 15
004943 4 14
004946 6 14
004948 15
004950 12 14
004951 18
004953 1 5 14
004954 14 16
004955 7 19
004956 8 19
004958 3
004960 15
004961 6
004962 6
004963 7
004966 2
004967 13
004968 12 14
004972 2
004973 6
004974 2
004976 10 14
004977 11
004982 0
004983 1 6
004984 8
004985 7
004986 8
004987 14
004990 14
004991 8 10 15
004992 11
004994 8 14
004995 12 14
004997 18
004998 7
004999 11
005001 16
005003 6
005004 17
005006 2
005007 19
005014 14
005016 0
005018 11
005020 6
005023 2
005024 14
005026 5
005027 14 19
005028 6
005029 1 14
005032 18
005033 2
005036 9 14
005037 14
005039 14
005042 1 14
005045 14
005047 6
005052 4 14
005054 14
005055 8 10
005056 11
005057 1 14
005058 16
005061 14
005062 11
005063 9 14
005064 1 14
005065 6
005067 6
005068 5
005071 6
005072 6
005073 3
005077 18
005078 7
005079 0
005081 11 12 14
005084 2
005085 8 10
005086 8 14
005090 5 14
005093 13 14
005094 12 18
005097 11 14
005101 7 8
005102 6 14
005104 7 17 19
005107 1 14
005108 0 3
005110 6
005111 14
005114 9 12 14
005116 13 14
005121 11
005122 1 14
005124 9 14
005128 3
005129 8 14
005130 2
005131 7
005134 14
005135 8
005136 18
005138 2
005143 15
005144 14
005145 15
005146 1 14
005150 1 3
005153 8 19
005156 6 13 14
005159 6
005160 4 8 10 14 15 19
005161 12 14
005168 18
005169 6 7
005171 3
005173 13 14
005175 0
005176 14
005177 17
005179 17
005181 3
005183 7 15
005185 11 17
005186 8 15
005189 14
005190 14 15
005191 8 10
005195 4 10 14
005199 6
005202 2
005203 11 17
005208 14
005209 6
005210 19
005212 8 13
005214 18
005215 13
005217 3
005219 14
005220 14
005222 7 14
005223 16
005224 15
005229 14
005230 1 14
005231 11 14 17
005236 12 14
005239 14
005242 4 14
005244 18
005245 14
005246 2
005248 12 14
005253 2
005254 11
005257 3 14
005258 13
005259 6
005260 13 14
005262 5 6
005263 17
005264 2
005267 18
005268 1 14
005269 14 18
005270 7
005273 1 6 14
005274 11 14
005278 12 14
005281 1 14
005283 14
005285 2
005288 16
005290 0
005292 17
005293 11
005297 14
005298 14
005303 11 14
005304 4 14
005305 6
005306 12 14
005307 7 14
005310 14
005311 14
005312 7
005314 13
005315 1 14
005318 6
005319 16
005320 3
005325 3
005326 9 14
005327 11 14 17
005328 2
005331 6 12 14
005336 14 17
005337 3
005338 2
005340 3
005343 14
005344 1 14
005345 4 10
005346 14 15
005348 14
005349 8 19
005350 6
005351 12 14
005352 11
005355 18
005358 0
005360 18
005363 16
005365 11
005367 4
005368 1 14
005369 3
005370 3
005371 2 14
005373 6
005374 5 14
005378 8
005379 11
005380 7 8
005383 14
005384 14 18
005385 4 14
005387 5 6
005388 4
005389 18
005391 0
005393 0
005395 16
005396 14 19
005397 8 17
005398 13 14
005404 9
005405 14
005406 0
005407 18
005408 11
005410 1 14
005413 14
005414 13 14
005416 11
005417 14
005418 9
005419 12 14
005420 3
005421 14
005423 6
005424 1 14
005429 1 14
005430 1 14
005431 3
005433 11 17
005434 7 8
005436 13
005438 8
005439 8 14
005440 18
005441 4 14
005445 7
005448 13 14
005450 14
005451 10 14
005453 11 12
005454 8 19
005455 7
005457 6
005461 12 14
005465 0 8
005467 4 10 14
005469 16
005470 7
005471 4 8 14
005475 14
005478 14
005481 18
005483 6
005485 2 14
005486 6
005487 0 14
005489 6
005496 3 14
005497 11
005499 6 14
005507 1 14
005508 14
005509 0 14
005510 17
005511 12 14
005514 9
005515 15
005517 8 15 19
005518 11
005519 7
005521 10
005522 14
005524 11
005526 14 19
005527 14
005530 5
005531 8 10 15
005535 11
005536 6 14
005539 7
005541 4 14
005542 14
005544 18
005547 6 9 14
005549 6
005550 12 14
005552 13 14
005554 1 14
005559 7
005563 4 14 19
005566 6
005568 12
005573 14 17
005574 0 14
005576 18
005577 6
005579 7
005582 14
005583 14
005584 6
005585 6 14
005586 7
005588 6
005590 7
005591 8 10
005592 6
005593 6 14
005599 1 14
005600 0 14
005601 11
005603 2
005605 8 15 19
005606 4 14
005608 13 14
005609 6
005611 12 14
005613 11 14
005614 3
005615 13 14
005618 8 14 19
005620 0
005624 2
005625 2
005629 8 10
005630 7
005631 5 14
005636 12 14
005637 2
005639 1 14
005640 6
005641 11 15
005644 14
005645 6 14
005647 8 10
005648 14
005652 1 13 14
005653 9 14
005654 18
005655 0
005657 14
005658 5 14
005660 14 18
005662 4 10 14
005664 14
005668 11
005669 5 6 14
005672 4 10 14
005674 2
005676 15
005679 6
005680 14 18
005682 14 15
005685 18
005686 8 10
005687 8 15
005693 11 14
005695 14
005696 11
005697 8 17
005699 3
005700 12 14
005701 8
005702 1 14
005704 10 14
005705 3
005710 8 10
005713 3
005714 3
005715 7
005716 14
005718 8
005719 10 14
005723 8 17
005728 9 12 14
005729 13 14
005730 8
005731 5 14
005732 12 14
005735 18
005736 13
005738 6 14
005740 2 14
005741 12 14
005742 3
005743 11
005747 6 14
005749 6
005752 11
005755 17
005756 6
005757 1 14
005760 6
005761 14
005762 15
005764 14
005765 14
005768 1 14
005769 7
005773 14
005779 11
005780 14
005781 2
005782 6
005783 13
005784 8 14
005786 14
005788 14
005789 11
005790 14
005791 6 13
005794 8 10 15 17
005796 14 19
005799 14 19
005803 10
005805 2
005806 6
005811 8 14
005812 11
005813 15
005814 4 14 19
005815 18
005817 15
005818 14
005819 7
005821 8 15
005824 14
005825 3
005826 14
005828 0
005829 14
005830 6
005831 6
005836 14
005838 7
005839 6
005840 14
005841 9
005843 9
005845 7 14
005850 7
005851 18
005852 14 19
005853 18
005854 2
005856 14 19
005859 14
005860 3
005861 6
005863 14
005864 17
005867 8 19
005868 6
005873 11 14
005874 15 17
005875 13
005877 12
005878 13
005879 7
005881 14
005884 13 14
005885 14
005888 11
005889 14
005893 18
005894 15
005895 0
005897 6
005899 6 11
005901 7
005903 14 18
005905 14
005906 5 14
005908 4 14
005909 2
005910 2
005911 5
005912 2
005914 3
005917 7 8
005918 6
005919 4 10 14
005920 8 10
005923 1 8 14 15 17
005928 13 14
005930 1 14
005938 14
005940 14
005947 16
005948 11 12 14
005951 13 14
005952 0
005954 7
005956 6 14
005960 7
005961 5 14
005963 8
005964 16
005968 11
005970 7
005971 14
005975 14
005979 6 14
005980 7
005981 9
005983 2
005984 11 14
005985 14 15
005988 6 11 14
005989 13 14
005990 13 14
005991 14 15
005992 11 14 17
005995 18
005996 13
005998 6
006000 8 19
006001 18
006004 8 14
006005 8 14
006009 6
006011 6 14
006012 2
006018 5 6
006020 17
006023 18
006025 0
006026 7 11
006027 8
006028 1 14
006029 8 11 14 15 17 19
006030 8 10
006033 14
006035 6
006038 6 13 14
006041 14 19
006042 11
006043 6 14
006045 8 17
006046 3
006055 8
006058 6
006061 4 7
006062 6
006065 11
006066 8 19
006067 0
006069 7 15
006070 2
006071 13 14
006073 9
006074 19
006078 8
006079 3 6
006084 7
006088 8 17
006089 6
006091 2
006095 9 12 14
006096 5
006097 6
006098 2 3
006100 8 11 15 17
006103 6 14
006104 14 17
006105 7
006107 18
006108 2
006111 9
006117 14
006120 13
006123 3
006124 6
006125 7
006128 6
006129 0
006130 14 17
006131 19
006133 6 14
006134 12
006135 18
006136 16
006139 11
006140 10 14
006141 4
006146 1
006148 9 14
006150 14
006151 6 12 14
006153 18
006156 14
006158 14 17 19
006159 15
006161 10 14
006162 0
006163 14
006166 18
006170 9
006171 11 14
006172 14
006174 11
006175 14
006176 14
006177 9 13 14
006179 14 19
006180 4 14
006181 2
006183 7
006184 0
006185 8 14
006187 14
006188 1 15
006189 4 11
006190 11
006196 6
006198 14
006201 18
006202 9
006203 6
006206 1 6
006208 0
006209 14 19
006210 6
006212 0
006214 1
006215 3
006216 13
006218 5 6
006219 11
006220 8 10
006221 14
006222 2
006223 6
006224 6
006225 6 14
006229 14
006230 11
006233 14
006234 7
006235 6 14
006236 13 14
006238 14 19
006240 14
006241 4 8 10
006243 13 14
006247 16
006249 12
006250 6
006251 16
006252 11
006254 18
006258 0
006259 10 14
006260 7
006261 6
006262 7
006264 2
006267 11
006269 7
006270 8 15
006272 13 14
006275 18
006276 12 14
006277 6
006279 0
006281 3
006282 14
006284 14
006285 12 14
006286 8 10 14
006289 8 14
006290 5 6
006291 9
006295 12
006296 14
006299 4 15
006300 1 14
006301 6
006304 3
006305 7
006306 0
006309 2
006314 19
006318 7
006319 15
006320 6 14
006321 11
006323 19
006325 6
006329 6
006330 5 6
006335 4
006337 11
006338 18
006339 14 17 19
006341 14
006344 14 18
006346 5 6 14
006348 8 19
006349 0
006350 0
006351 14 15
006352 5 14
006353 7
006355 11 14
006357 3
006362 6
006363 4
006366 11
006367 2
006369 6 14
006371 1
006374 0
006375 6
006377 18
006381 4 8 10 14
006382 12
006385 11
006387 1 14
006391 8 14
006392 12 14
006395 8 14 19
006396 6
006398 4 10 14
006400 18
006404 9
006409 4 10 14
006411 19
006417 6
006418 1
006419 8
006421 6
006424 8 17
006425 7
006427 14
006428 12 14
006429 12
006430 2
006433 0 14
006434 11
006436 3
006437 5
006438 6
006440 13 14
006442 14
006443 0
006444 11 14
006445 12 14
006447 8 10 15
006448 4
006449 1
006450 14 19
006455 12 14
006456 11
006458 6
006459 6 12 14
006462 7
006463 14
006465 14
006466 18
006468 18
006470 2
006472 19
006473 7 19
006474 11
006475 2 14
006476 13 14
006480 0
006482 14
006483 4 14
006484 6
006486 4 14
006488 11 14
006492 14
006495 7
006497 6 14
006499 18
006501 5
006503 4 10 14
006506 12 14
006507 11
006509 8 17
006512 7
006515 1
006519 4 10 14
006520 2
006523 0
006524 6
006529 0 14
006530 8 17
006532 13 14
006534 16
006536 14
006538 18
006542 3 14
006543 2
006547 7
006548 2
006549 3
006550 1 13 14
006551 1 14
006553 8
006556 11
006560 14
006562 9
006564 0
006565 7
006569 5
006570 11
006572 12 14
006575 15
006576 4 14
006578 14
006583 14 19
006584 14
006585 13 14
006587 14
006588 6 14 18
006593 6
006595 7
006597 11
006599 8 14
006602 11 14
006603 1
006605 8 15
006606 11
006609 11 14
006610 4 14
006611 12 14
006612 9 14
006617 12 14
006618 13 14
006619 0
006621 14 17
006622 17 19
006625 6 14
006626 4 14
006627 10 15
006628 8 10 19
006631 14
006632 1 6
006635 18
006636 0
006637 1 14
006638 17
006643 2
006645 12 14
006647 13 14
006648 4 14
006652 18
006654 6
006657 7
006658 8 10 14
006660 3 6
006661 1 14
006664 1 14
006666 14
006667 14
006668 6 14
006670 14 18
006671 2
006673 3
006674 7
006677 8 14
006678 16
006679 16
006681 15
006682 14
006684 19
006687 4
006689 8 10
006690 14
006694 18
006695 14
006696 10 14
006697 14
006698 14
006699 14
006702 0
006703 14
006704 19
006706 2 6
006707 8 14
006708 9
006709 14
006714 14
006718 1 14
006719 6
006722 12 14
006725 7
006726 15
006727 4 14 17
006730 18
006731 4 10 14
006734 6
006735 11
006736 6
006738 1 14
006739 2 14
006740 7
006747 13
006748 6
006751 2
006753 14
006755 8 15 19
006759 5
006760 7 19
006761 9
006762 13 14
006765 15
006766 5 6
006768 8 14
006769 11 12
006772 14
006773 0 3
006777 14 15
006781 7
006782 14
006783 6 14
006784 14
006786 14
006789 12 14
006794 0
006797 12 14
006799 2
006800 2 14
006802 14 18
006803 14 18
006805 11
006806 15
006808 14
006810 14
006813 7
006814 19
006819 8 10
006821 5 6 14
006822 13
006824 14
006825 2
006827 17
006828 4
006829 11
006833 14 16
006835 14
006836 12 14
006838 14
006839 13
006840 14
006841 9 14
006842 19
006844 18
006845 8
006847 12 14
006848 2
006849 11
006850 12 14
006852 8 17
006855 1 14
006858 6 12 14
006859 15
006860 0
006862 12 14
006864 14
006865 2
006866 12 14
006867 3
006868 6 14
006869 7
006874 3 13 14
006876 7 8 14
006878 17
006880 1 14
006883 7
006884 6
006886 8 17
006887 8 14
006892 4
006893 6
006896 14
006899 16
006900 6
006903 11 14
006908 4 14
006909 0
006910 2 14
006911 12 14
006912 4 10
006914 2
006916 11
006917 4
006918 6
006919 4 14
006922 0
006924 14
006930 17
006931 6
006932 14
006933 12
006934 14
006935 9
006939 4 14
006940 11
006943 14 18
006944 16
006945 1 14
006947 19
006948 4 14
006949 7
006950 1 14
006952 2
006953 3
006956 14 15
006958 14
006959 14
006962 11
006963 7 8 14
006965 3 14
006966 13
006968 11 14 17
006971 7
006972 10
006976 7 8
006981 14
006983 3 14
006987 14 19
006988 6 14
006989 7 14
006990 1 14
006994 11
006995 8
007002 5
007003 5 6
007004 1 6 14
007006 8 10
007007 14
007008 9
007009 13
007011 11
007016 14
007018 12
007020 14
007021 4 10
007022 2
007023 8 14 19
007025 7
007029 1
007031 14
007033 0
007035 12 14
007036 14
007038 7
007039 19
007040 6 14
007042 8 10 17
007045 9 14
007046 8 14
007048 4 14 16
007049 0 14
007050 7
007052 3 14
007054 14
007056 4
007058 6
007059 14
007062 1
007064 8 10 17
007065 2
007068 6
007070 11
007071 7
007072 9
007073 13 14
007074 5
007075 9
007077 8
007078 8 15
007079 14
007080 14
007084 2
007086 0
007088 0
007089 11
007090 6
007092 2
007093 8 14
007095 5
007097 0
007100 19
007101 18
007104 4
007105 17
007108 1 14
007109 12 14
007113 19
007114 14
007117 4 14
007121 4 14
007122 14
007123 18
007125 3
007128 14
007129 11 14
007130 15 19
007132 18
007133 6
007138 12 14
007139 3 14
007140 1 14
007141 4
007144 5
007146 2
007147 14
007148 14
007149 11
007150 13 14
007152 0
007153 9 14
007154 14
007159 6 14
007162 17
007163 14
007165 16
007166 11 19
007167 6 14
007168 18
007172 1 14
007174 13
007177 4 10
007180 15
007182 14
007184 14
007185 12
007187 14 17
007189 14 19
007191 4 8 10
007193 17
007194 2
007197 7
007200 13 14
007204 7
007205 6
007208 14
007210 19
007211 13
007212 11
007213 8 14
007214 11 14
007215 9
007216 12 14
007217 16
007219 8 19
007222 18
007223 7
007224 18
007227 14
007230 16
007234 12 14
007236 5 14
007241 5
007243 12 14
007244 1 14
007245 11
007247 6
007249 7
007250 4 19
007256 1 14
007258 17
007259 8
007260 12 14
007261 6 14
007263 8 17 19
007266 8 14
007270 6 14
007271 5 13 14
007274 0
007275 17
007276 18
007279 5 6
007280 0
007283 1 6
007284 6 14
007285 6
007289 3
007292 0
007294 6
007295 7
007296 2 14
007297 0
007298 5 14
007299 2
007300 2
007302 15 17
007305 6 13 14
007308 12 14
007311 8
007314 13 14
007318 14
007322 11
007323 4
007325 12 14
007327 1 8
007329 7
007330 14
007334 7
007336 14
007343 7
007344 7 15
007346 5 14
007350 10 14
007351 4
007356 1 15
007359 14 19
007361 18
007363 6
007365 3
007369 8 14
007370 4
007372 0
007373 10
007374 6
007375 0
007376 5
007381 14
007383 6
007385 17
007388 14
007389 9
007390 8 17 19
007394 19
007396 15
007398 5 14
007408 14 18
007410 4 14
007411 11
007413 0 14
007414 6 14
007416 7 8
007417 7 11
007419 7
007421 2
007422 6
007424 6
007425 17
007427 6
007431 2
007432 8 19
007433 11
007435 8 10
007436 14
007437 5
007438 14
007439 12
007443 8 17
007445 14 18
007446 1 6 14
007448 12 14
007449 3
007451 15
007454 7
007457 4 14
007458 8 10 19
007460 3
007461 4
007465 19
007466 1 8 13 14
007467 18
007468 6
007470 0
007474 11
007475 14
007477 3
007479 6
007480 5 14
007481 2
007482 14
007483 14
007484 5
007486 0
007489 11
007490 6
007491 17
007493 4 14
007497 6 14
007498 10 14
007503 0
007506 19
007511 4 10 14 15
007513 18
007517 7
007519 15
007521 3
007523 2
007524 7
007525 6
007526 12 14
007527 6
007528 9
007530 7 8 19
007533 3
007535 14
007536 17
007537 11
007538 8
007540 14
007543 1 14
007544 8 10 19
007546 5
007547 12 14
007551 1
007555 18
007558 8 14
007559 14 19
007563 14
007565 7
007566 6 14
007568 14
007570 12 14
007571 1 14
007572 4 10 14
007575 5
007576 12 14
007578 11 14
007579 14
007585 11
007586 18
007590 14
007592 6 14
007594 12 14
007600 15
007601 6
007603 12
007605 14
007606 14
007611 12 14
007612 11
007614 6
007615 2
007618 14
007619 8 14
007621 16
007622 6
007624 15
007626 0
007629 14
007631 4 8 14
007633 5
007637 12
007639 14 17
007640 7
007642 13
007647 6 13 14
007649 14
007650 5 6
007653 6
007654 0
007655 1
007656 14
007657 14
007662 2
007663 6
007664 8 10 15
007666 18
007667 6
007668 14
007670 13
007671 2
007672 17
007673 10 15 17
007675 14
007677 0
007678 2
007679 1
007680 2
007682 7
007683 11 14
007685 3
007687 11 14
007688 13
007691 6
007692 11
007694 11 14
007696 18
007697 12 14
007699 6 14
007702 19
007704 15 17
007705 11 12
007709 1 6 14
007712 13 14
007713 2
007715 15
007718 3 14
007720 8
007721 2 6
007723 0 14
007724 8
007727 12 14
007729 19
007731 6
007732 8 19
007735 8 10 14
007736 5 6
007740 4
007742 18
007743 3
007745 6 14
007746 14
007748 12 14
007749 11
007751 4 14
007753 7
007754 8 19
007758 7
007760 11 14
007762 4 7 19
007763 14
007765 2
007767 18
007768 14
007772 9
007773 5
007775 11
007776 18
007777 10 14
007779 6
007781 15
007786 9 14
007790 4 6 8
007791 11
007793 13 14
007795 8 14 15
007798 4
007799 8 14
007803 3
007809 12 14
007810 14
007812 8
007813 11 14
007814 14 15
007815 6 14
007819 6 18
007820 0
007821 6 14
007824 7
007826 8 10
007831 2
007833 2 3
007834 11
007836 1 14
007838 11
007840 2
007841 11 14
007843 6
007845 2
007847 2
007853 2
007854 1
007855 5 6
007856 6 14
007857 0
007859 16
007863 7
007864 0
007865 8 15
007868 7
007869 2
007872 10 14
007873 17
007876 2
007877 14
007878 7
007883 6
007884 1 14
007885 7
007886 2
007889 14
007890 15
007897 13 14
007898 6
007899 4
007900 11
007901 14
007902 13 14
007905 6
007908 5
007909 10 15 17
007910 14
007911 13 14
007914 2
007915 14 19
007916 0
007919 12 14
007920 5
007921 6
007923 8 17
007924 2
007925 1 15
007926 18
007928 14
007931 6 14
007932 6 14
007933 1
007935 11
007939 9
007940 14
007943 14
007946 11 14
007947 18
007950 6
007953 1 14
007954 11
007956 10 15
007958 7
007959 8 17
007963 6 14 18
007964 6
007968 11
007970 6 14
007971 6 14
007974 7
007976 0
007979 9 14
007980 3
007984 13 14
007987 4 14
007991 2
007996 14 17
007997 14
007998 14
007999 15 17 19
008001 6
008002 14
008004 5
008005 9 11
008008 13 14
008009 11
008012 15
008017 2
008019 6 12 14
008023 1 5 14
008024 0 14
008026 5 14
008029 15
008031 6
008032 2
008033 14 18
008036 11
008037 6
008040 12 14
008042 4 14 17
008043 14
008044 5 6
008048 14
008049 19
008051 2
008053 2 14
008057 6
008060 6
008061 4
008062 2
008063 8
008064 15
008067 19
008068 2
008069 12 14
008072 10 14
008075 11
008076 8 10 19
008079 6 11 14
008082 14 15
008083 14 17
008084 2
008085 2
008086 14 18
008087 6
008091 3 14
008093 6
008095 18
008096 1 14
008098 5 6
008100 7
008101 0
008103 14 17
008105 6 14
008106 8 15
008107 0
008108 6 13 14
008112 3
008115 11
008116 16
008117 2
008121 19
008122 8 10 14
008125 5 14
008127 10 14 15
008130 14
008132 0 14
008137 4
008138 2
008139 4 14
008140 15
008141 4 8
008142 12 14
008144 8
008150 16
008151 8 17
008159 10
008160 6 14
008163 3 14
008164 4 14
008166 3
008168 2
008169 6 7
008171 8 10 14 15
008173 18
008174 6
008175 14
008177 14 19
008180 1 14
008186 11
008188 6 14
008189 9
008190 1 8 14
008191 12
008197 6
008199 8 14 15
008200 2
008202 9
008203 17
008204 4 14
008208 9
008209 12 14
008211 14
008213 4 8
008216 8 10 14 15
008218 14
008220 14 18
008222 11
008223 16
008224 14
008225 6 14
008226 2
008229 7 10
008232 6 14
008235 18
008236 0
008241 13 14
008244 18
008248 12 14
008250 13
008251 3
008252 0
008253 1 14
008254 7
008258 7
008260 11
008261 3 14
008262 5
008263 14 18
008268 6
008269 7
008272 11 14
008275 0
008279 6 12 14
008280 0
008281 14
008282 17 19
008284 8 11 14
008285 14 19
008292 16
008293 5 14
008294 6 13 14
008295 18
008296 6
008297 2
008299 9
008300 0
008301 14
008302 14 19
008306 3
008307 12 14
008310 0
008311 12
008312 13 14
008313 1 14
008315 5 6 13 14
008316 18
008317 2
008318 15
008319 4
008320 12
008322 11
008323 17
008326 0
008327 14
008329 6
008332 11 14
008335 18
008336 6
008338 5
008341 8 14 17
008342 9 16
008345 9
008346 11
008349 16
008351 18
008355 7
008359 6
008360 5 6
008364 18
008365 17 19
008368 14
008370 2
008372 0
008374 14 19
008376 6 14
008381 14
008384 2
008385 8 10 14
008386 8 19
008387 5 14
008388 6
008390 8 14
008391 6 14
008397 5 6 14
008398 14
008403 7
008409 17
008410 14
008413 8 14
008415 11
008416 11
008422 19
008423 2
008424 15
008425 11
008426 2
008427 12
008429 6
008430 14
008433 1 14
008434 18
008437 12 14
008438 2
008442 7
008443 2
008444 6 13 14
008445 18
008449 3 6 14
008450 0
008452 14 17
008453 7 8 14
008454 3
008456 3
008461 6
008462 8 19
008465 15
008466 6
008467 11 14
008468 8 17
008470 10 14
008472 0
008475 9 14
008477 11
008478 1 6
008482 6 14
008483 6
008484 6
008485 7 14
008492 18
008494 5
008495 0
008498 3
008499 17
008502 6
008503 5 6
008506 18
008509 11 12 14
008512 11
008513 14
008514 1 14
008517 6
008518 11
008519 2
008521 7
008522 0
008523 0
008524 6 12
008526 12 14
008529 10 14
008530 11
008533 7
008534 7
008535 11 13
008536 15
008541 14
008542 7 8
008549 6 15
008550 6 14
008553 18
008556 8
008557 15 17 19
008558 11
008559 14
008562 5 6 13 14
008564 12
008568 3
008572 6
008573 14 17
008576 14
008581 6
008582 8 14
008584 3
008585 14
008586 6
008587 14 15
008588 2
008592 4 14 16
008595 13
008596 12 14
008601 6
008602 14 17
008604 3 14
008606 11
008607 9
008608 10
008610 12
008612 12 14
008615 9
008617 14
008618 14 16
008620 11
008621 18
008624 8
008628 8 14
008633 1 6
008635 2
008636 9
008638 14 18
008639 11
008644 14
008645 3
008647 14
008653 12
008654 2
008655 8 10 11 15 19
008663 6 14
008665 6 17
008667 0
008670 2
008676 6 13 14
008680 5 6
008683 0
008687 11
008688 15
008690 14
008691 18
008692 0 14
008695 13
008698 14
008699 12 14
008701 14
008702 1 5 14
008706 6 9
008709 19
008710 18
008713 17
008716 6
008717 8 10
008718 14 18
008720 7
008722 9
008723 0
008725 3
008727 6
008728 11 14
008730 3
008731 12 14
008732 2
008733 8 10
008738 11 14
008739 6 14
008741 1
008742 13 14
008744 12 14
008747 5 6
008748 14
008749 15
008750 6
008752 13 14
008753 2
008755 2
008756 7
008757 1
008759 1
008760 8 17
008764 2
008766 14 18
008768 6 14
008769 14
008770 0
008771 5 14
008772 7
008773 2
008775 14
008776 2
008783 8 10
008784 6
008790 18
008793 5
008794 6 14
008796 2
008799 0
008801 6 13 14
008805 12 14
008806 15
008809 7
008810 13 14
008811 1
008813 2 14
008814 8 10
008815 7
008817 13 14
008819 11
008822 11
008823 17
008826 6
008831 1
008833 14
008835 15
008836 14
008837 19
008838 5
008840 11
008841 4 11
008843 6
008847 0
008848 5 6
008849 11 17
008854 7
008856 7
008858 2
008859 6
008862 12 14
008865 14 17
008867 12 14
008871 16
008872 14
008873 0
008874 8 17 19
008876 12 14
008878 18
008879 14
008880 7
008883 5
008884 3 14
008885 7
008886 12 14
008888 8 19
008890 11
008891 6 14
008892 6 14
008900 3 11 14
008905 0
008909 6
008911 5 6 14
008913 19
008914 12
008917 7
008919 12
008920 14 16
008921 14
008923 6
008926 2
008927 9
008929 6
008930 7
008931 4 14
008932 10 14
008933 7 15
008936 8
008939 6
008940 0
008942 16
008943 2 14
008944 14
008948 8 19
008951 11
008953 4 14
008955 19
008958 6
008960 14
008961 8 14
008962 4
008965 14
008966 5
008967 4
008968 6
008969 6
008970 15 19
008971 0
008973 9
008975 8 14 17
008976 7
008978 6
008979 13 14
008980 11
008982 4 19
008983 10 14
008985 2
008987 15 17
008988 18
008989 4
008995 1
008997 8 10 15
008999 3
009000 6 11 14
009002 18
009004 13
009005 1 14
009006 6
009007 13
009015 5 6
009016 4
009018 2
009019 11
009020 12 14
009022 11 14
009024 12 14
009027 4
009029 6
009032 15 19
009034 13 14
009035 7
009036 1 14
009037 5
009039 0
009042 11
009045 6 14
009048 7 8
009049 13 14
009051 8 17 19
009053 6
009058 6
009059 5
009060 6
009063 0
009064 6 14
009066 11
009068 8 14 15
009072 8
009073 5 6 14
009078 6 14 15
009079 14
009080 2
009085 0
009086 18
009087 7 14 15
009089 14
009091 14
009094 19
009098 7
009099 2
009100 4
009105 5
009106 6
009108 4
009112 11
009113 9
009114 12 14
009116 6
009117 11
009121 6
009123 8 10 14 15
009126 5
009128 14
009129 17
009131 3
009133 9
009136 14
009138 12
009141 14
009144 2
009147 7
009148 12
009150 2
009151 8
009153 14
009155 19
009157 10
009159 8
009160 13 14
009161 5 14
009162 8
009163 5 6
009166 2
009168 11
009173 19
009174 5 6
009175 7 15
009177 3
009178 6
009179 6
009180 13 14
009181 15
009184 14
009185 11
009186 6
009187 18
009189 9
009191 13
009192 19
009193 14 17
009194 15
009195 11
009196 19
009197 11 14
009200 8 19
009202 12 14
009205 6
009208 12 14
009209 13 14
009212 11
009213 6
009214 1 6 14
009215 15
009218 18
009221 7
009224 14
009227 11 16
009230 13 14
009236 12 14
009238 14
009239 14
009242 4 14 17
009244 7
009245 9
009246 2
009247 10
009249 8 19
009250 1
009251 12 14
009252 15 17
009254 6 18
009255 12
009259 13 14
009268 11
009269 6
009270 2
009271 16
009272 0
009273 10 14
009278 1
009279 8 15 19
009281 1
009282 6
009283 5 6 14
009285 7
009286 6 14
009287 13 14
009288 14
009289 18
009290 4 8 14 17
009291 13 14
009295 1 14 19
009296 14
009299 4 10 14
009303 14
009306 7 14
009307 0
009308 9
009309 2
009312 13 14
009315 5
009316 14
009318 6 12 14
009323 2
009324 2
009325 19
009326 6
009327 11 14
009330 14
009331 11 12 14
009333 11 19
009334 1
009336 6 14
009337 12
009339 1 8
009342 7 14 15
009343 8 14
009347 3
009348 0
009349 14 16
009350 6
009351 0
009354 18
009358 5 6
009359 8 17
009362 14
009365 0
009368 6 14
009371 0
009373 19
009374 8 14
009375 4 14
009377 14 18
009378 7
009382 13 14
009386 5
009388 4 8 19
009389 18
009392 5 6
009393 1 13 14
009394 0 14
009398 7
009401 18
009405 11
009406 6
009407 12 14
009408 0
009409 5 6
009410 14
009411 6 14
009412 5 14
009413 8 10 14
009414 14 17
009417 16
009418 11 14
009419 15
009420 10 14
009421 14 17
009422 2
009424 6 14
009429 9
009432 0
009433 14 18
009434 6 14
009437 8 10 14
009438 12
009439 2
009440 14
009443 15
009445 19
009446 19
009448 6 14
009454 8 19
009455 7
009456 1 14
009457 13
009458 4
009459 2
009460 14
009461 0
009463 9
009464 7
009465 12
009466 8
009468 12 14
009469 6 14
009470 7 17
009472 0
009476 0
009477 6 14
009479 7 14 17
009480 0
009481 4 8 14
009484 19
009488 2
009490 14
009491 15 17
009494 13 14
009496 14
009497 4 14
009499 14
009500 14
009502 11
009504 13 14
009507 6
009508 18
009512 12 14
009515 6
009516 7
009517 6 14
009518 11 14
009519 15
009520 8 14
009523 0
009524 14
009526 8 10 14
009527 3
009528 7
009531 14
009532 6 14
009533 3
009537 14 18
009540 13
009541 8 14
009542 14
009543 8 11
009545 9
009546 14 17
009549 7
009550 8
009551 14
009557 1 14
009558 6 14
009560 7
009562 11
009565 14 17
009566 2
009567 14 17
009568 1 14
009571 0
009573 13 14
009576 19
009577 10 14
009579 14
009580 18
009584 7
009585 4 14
009586 9
009587 11
009588 18
009591 13 14
009596 6 13 14
009597 18
009598 2
009600 1 14
009603 3 14
009605 11
009609 2
009611 14 19
009613 8 14
009614 6 14
009615 0
009617 8 14
009618 1 14
009619 11
009620 0 6
009621 2
009623 6
009627 5
009629 0
009634 15
009636 1
009637 18
009638 8 10 14 15
009641 6 14
009644 6
009647 4 8 14 15
009649 8 14
009650 9
009654 14
009655 14
009656 1 14 19
009658 7
009659 8 14
009664 4
009666 4 14
009667 1
009668 11 14
009670 7
009671 6 14
009676 6 14
009678 5
009679 4
009681 0
009684 14
009685 5
009686 15
009687 4 14
009691 13 14
009692 2
009693 14
009695 18
009698 12 14
009699 6
009700 16
009702 0
009703 1 14
009706 10
009707 7
009709 4
009710 9
009711 6 14
009712 14
009713 8 11 14
009717 3 9 14
009718 6 18
009719 12
009721 8 14
009724 7
009726 4 10 14
009729 6
009732 12 14
009733 6
009734 5 14
009735 8
009737 17
009738 14
009743 7
009745 6
009746 8 19
009747 1 14
009748 11
009749 2
009754 14
009755 14 17
009756 13 14
009758 8 10
009761 1
009762 5 14
009763 7 11
009764 5
009767 12 14
009772 7
009773 8 14
009774 6
009776 6 13 14
009778 18
009780 11 14
009781 13 14
009785 6
009789 14
009790 18
009792 8 14
009794 7
009796 14
009797 11
009800 2 14
009801 6
009805 7
009807 12
009808 12
009809 14
009810 6
009813 14
009816 16
009819 7 8
009822 6 13 14
009823 11
009825 8
009828 8 14
009830 6
009831 18
009832 5
009833 8
009834 6
009836 3
009839 6
009841 12 14
009842 16
009845 5 6 14
009848 1 6 14
009851 12 14
009852 7
009855 18
009858 0
009859 14
009860 18
009862 6
009863 6
009865 9
009867 19
009868 14
009869 14
009870 11
009872 8
009874 12 14
009877 14
009878 4 14 15 17
009879 6 14
009880 14
009881 14 19
009882 14 19
009884 15
009886 7
009887 15
009894 18
009896 7
009897 9
009898 6
009900 6 14
009902 4 14
009904 6
009905 0
009908 2 9
009911 0
009913 6
009917 4 14
009918 11 14
009920 6
009923 7
009926 1 14
009932 6
009935 8 14 19
009938 6 13
009939 17
009940 2
009942 14
009944 13 14
009945 16
009946 14 18
009947 3
009949 8 14 17
009950 14 18
009954 12 14
009955 3
009958 1 14
009959 6
009961 11